1
353
480921.93 1106319.34
479318.48 1105141.04
478261.71 1104850.06
478648.75 1103259.37
478074.12 1103123.75
478081.29 1102224.25
479148.06 1102932.51
479877.45 1102756.45
479106.09 1102780.25
477735.97 1101521.75
476666.36 1101660.88
476140.80 1101179.65
475826.30 1099983.68
475360.52 1099735.15
474646.31 1100048.48
474093.68 1098893.35
473022.89 1098542.58
472440.07 1097813.14
470482.22 1098383.58
468869.90 1097904.06
467833.82 1098065.48
467225.57 1097483.37
465983.29 1097270.77
465500.36 1096652.57
464947.61 1096942.13
464796.53 1096443.32
464154.21 1096536.62
464000.70 1096280.17
463305.18 1096644.39
462879.89 1096365.04
461731.53 1096523.00
459682.94 1098037.77
459096.33 1097576.35
458224.75 1097998.77
458080.77 1098389.67
457659.00 1098182.20
457329.40 1098713.81
456793.26 1098670.06
456791.72 1098082.96
456193.16 1098175.95
455429.45 1097708.94
454714.52 1097896.36
454657.20 1097349.73
453824.52 1096960.27
453499.04 1097533.26
452196.80 1097029.24
451733.95 1097373.78
449453.78 1097058.39
449264.02 1097400.25
448717.00 1096561.02
447900.32 1096485.42
447068.10 1095884.68
445777.43 1095531.02
445319.95 1095945.70
444367.17 1093447.52
443707.68 1093943.87
443099.81 1093222.88
442328.13 1092971.36
442066.35 1092217.78
441478.31 1092297.54
441486.60 1091757.81
440518.89 1092028.60
440373.42 1091744.21
440995.59 1090543.93
439878.12 1090635.92
439993.93 1089040.14
439162.46 1089137.73
438245.05 1088314.36
436974.79 1088754.19
436368.34 1088223.16
435240.02 1088168.45
434580.07 1089063.14
434199.08 1089126.70
434681.86 1089587.22
434532.74 1090126.40
434235.26 1090046.76
433866.76 1090541.54
432517.16 1090403.40
430992.18 1090564.68
430032.53 1091006.11
428974.78 1090908.59
429008.74 1091442.03
426429.45 1092414.73
425740.17 1092376.71
425320.05 1091967.16
425545.98 1092486.24
425093.81 1093416.24
424456.84 1093258.70
425007.90 1094100.16
424435.15 1095203.38
425147.29 1095766.87
425381.93 1095309.34
426396.64 1096060.61
426384.12 1096389.71
427016.02 1096831.48
426778.14 1097256.96
427114.55 1097075.00
427059.40 1097517.41
427579.81 1097574.61
427852.66 1097978.25
427410.74 1098440.25
428387.53 1098638.07
428424.44 1099247.07
428846.91 1099689.03
429756.79 1099190.25
430630.79 1100287.83
432552.16 1100521.06
432560.15 1101059.57
432979.94 1100924.54
433454.65 1101240.36
433690.56 1102122.70
434044.64 1102547.62
434328.67 1102357.15
434549.24 1102837.76
434635.57 1102609.02
435081.25 1102732.54
435352.34 1103527.23
435916.41 1103428.38
437396.07 1104341.58
437665.84 1103757.92
438321.08 1104026.55
438656.34 1103776.20
438800.96 1104164.98
439341.70 1104258.49
439282.65 1105062.04
438979.49 1105363.65
438989.24 1106284.97
438157.16 1107568.29
438261.12 1109021.83
437970.80 1109004.79
437920.89 1108179.44
437132.16 1108010.51
435025.17 1109688.63
434203.63 1109950.84
433945.81 1110668.90
433204.42 1110899.86
432256.08 1110608.81
431533.44 1111078.53
430786.15 1113679.36
429436.97 1114746.41
428669.19 1116821.03
427672.73 1118072.19
427230.48 1119262.77
426442.91 1119994.87
426191.68 1121291.49
427094.62 1122005.00
427095.28 1122677.82
426566.01 1123050.94
427270.67 1124106.26
427212.33 1124609.13
426746.26 1125247.46
425648.22 1125091.42
425092.15 1125325.99
427524.47 1127861.02
427209.61 1128602.84
427659.58 1129253.63
427392.35 1130810.47
428072.58 1131705.75
427974.72 1132791.03
426898.22 1134119.35
426557.20 1135423.52
426116.34 1135854.57
426190.75 1136702.99
425431.68 1137199.88
424745.64 1137179.18
423905.19 1136542.82
423572.38 1135387.09
423078.45 1134917.53
420832.44 1135516.22
421004.19 1134767.84
420724.09 1134163.68
419741.90 1133539.48
417287.08 1134061.23
416159.57 1134833.47
416326.28 1135558.18
416074.29 1135697.10
415998.50 1136768.28
415581.67 1136825.89
414345.35 1138052.08
413847.17 1139909.97
413031.25 1141303.83
413846.70 1141517.32
415204.67 1144574.26
415954.59 1144718.97
416082.35 1145129.95
415554.34 1147259.67
414679.26 1147839.69
414439.24 1148393.87
416105.77 1152072.78
415253.96 1157037.85
415257.99 1160859.48
413270.84 1160106.20
412864.29 1161140.32
410185.42 1162746.11
410067.75 1164031.77
409073.89 1163705.89
408288.49 1163898.77
408201.81 1164473.39
407408.57 1164753.56
407529.27 1166319.89
406770.60 1166281.02
406139.86 1167137.14
405435.44 1167375.96
404714.78 1168114.82
403351.02 1168256.06
402585.84 1167808.67
401160.46 1169003.65
400530.47 1168800.21
399421.86 1169361.56
398754.59 1169328.44
398211.16 1170050.57
398278.84 1170441.84
397221.24 1170669.23
396562.00 1171733.91
395406.23 1171661.79
393328.62 1172960.39
392160.55 1172827.14
391868.66 1174313.36
390382.00 1175149.21
390479.54 1178493.98
389487.04 1179356.92
389223.01 1180154.85
388459.44 1180470.43
388425.63 1181205.20
387681.93 1182615.27
384591.44 1183073.43
383959.00 1184341.87
383266.32 1184252.32
382782.11 1184788.87
381119.91 1184793.76
380075.62 1185336.97
379468.34 1184888.98
377064.92 1184524.32
376463.77 1185494.64
376458.00 1187045.47
374808.18 1188685.50
370742.67 1188488.41
364892.76 1190807.91
363499.74 1190511.80
361925.31 1189449.81
361206.51 1189613.97
360954.43 1189156.21
360229.73 1189100.73
359932.44 1190127.95
359450.05 1190190.46
358839.87 1191738.05
358269.47 1191994.03
357224.95 1194544.61
355733.96 1195772.25
355125.68 1195746.69
354709.61 1196329.15
353814.43 1196576.14
352484.59 1197559.57
350749.93 1197546.62
350130.77 1197843.99
349352.24 1198469.14
347943.91 1201141.55
346377.63 1202497.07
345981.13 1203419.71
345415.30 1203363.68
343984.00 1205269.30
343194.66 1205495.88
342950.64 1206564.98
341776.03 1207646.53
341986.14 1208791.21
341589.46 1209544.66
342075.65 1210452.11
344740.68 1212772.46
346519.74 1212485.39
347346.84 1212976.68
347917.93 1212835.88
348937.74 1213494.72
349446.24 1214215.99
349109.10 1214950.92
349540.97 1215532.79
349447.77 1216213.40
350671.45 1216584.76
350400.08 1217217.25
351147.15 1217830.89
351112.59 1218269.92
351974.51 1219445.32
351852.34 1220029.33
352388.54 1220524.70
353674.69 1220465.98
354298.32 1220671.51
354540.45 1221211.15
356661.00 1221419.15
359022.00 1219142.23
359588.58 1219378.56
360537.82 1218473.07
360423.44 1218280.07
361380.58 1218410.55
361349.24 1217927.72
361757.82 1218190.59
361994.65 1218023.48
362507.21 1218940.29
362436.60 1220384.60
361937.36 1221320.24
362681.66 1221508.06
362945.76 1222078.38
363235.50 1222091.18
363458.84 1223394.64
363965.93 1223383.00
364211.53 1223879.44
364592.33 1223661.20
365034.91 1223871.58
365259.00 1223497.03
365708.28 1223625.75
400450.70 1210279.03
425671.36 1225774.56
427185.70 1224453.10
433784.64 1220659.67
437233.59 1222064.80
438330.97 1220072.65
446898.25 1216472.69
450755.58 1212063.65
454059.63 1211422.99
456294.92 1213620.13
458861.88 1213880.39
460832.98 1215919.39
462680.73 1213355.62
462030.33 1212659.34
461637.11 1210964.90
463257.77 1210395.63
463727.48 1208801.16
464627.22 1207382.49
465345.26 1207080.66
466081.58 1207707.88
466526.12 1207064.27
467214.52 1207140.91
468117.21 1206520.50
469093.79 1204602.94
471760.66 1204350.57
473317.23 1203634.69
474062.33 1202659.66
475387.04 1202296.82
476033.27 1201201.33
476507.96 1198576.68
475850.33 1196990.22
474148.83 1196439.32
474109.25 1195787.96
474926.68 1195472.37
475603.94 1194338.27
476691.65 1194343.69
477455.53 1193958.82
477325.96 1192850.99
477893.94 1192177.26
479123.33 1193091.26
482380.12 1192609.00
482323.78 1114952.19
481769.29 1113693.65
480983.97 1108784.68
480940.16 1106346.67
