1
191
549560.32 1103773.05
575440.43 1103791.74
573705.33 1101956.55
572379.48 1101412.13
572552.74 1099410.51
571785.68 1099195.06
571475.94 1098743.48
570939.34 1098986.49
571416.19 1098000.53
571303.07 1097147.77
571840.46 1096615.93
571423.39 1096396.67
571351.71 1095141.78
571945.90 1094745.79
571522.04 1094533.34
571962.08 1094049.19
572346.10 1094095.18
572121.19 1093544.97
572950.93 1093114.73
572666.49 1092996.14
573031.71 1092457.70
572761.60 1091998.16
572970.74 1091650.19
572457.25 1090339.18
572852.05 1088952.36
573260.47 1088558.86
572533.12 1087432.73
572800.22 1086246.63
570684.69 1083938.56
570585.14 1083317.73
569398.84 1082093.49
569269.06 1081563.46
567681.29 1080107.10
566161.63 1077232.19
565314.45 1076695.90
564639.76 1075450.28
562632.65 1073364.32
562773.34 1070396.74
560710.76 1067449.61
560173.86 1066851.26
558894.24 1066298.42
558380.61 1065189.12
556845.92 1064683.75
555820.26 1063056.53
553583.33 1061222.99
554390.66 1059742.69
553426.80 1057965.77
553448.12 1056777.20
553108.74 1056353.80
553372.37 1054986.64
553194.00 1054420.45
554536.16 1053789.24
555307.62 1052865.22
555481.46 1051642.12
556378.50 1050350.16
556097.30 1048719.66
555246.72 1049175.27
554795.37 1049876.25
553920.15 1050064.93
553324.46 1050758.02
551084.86 1051590.30
549404.63 1054035.40
548707.73 1053849.41
547042.08 1054305.35
544647.16 1055448.84
544327.44 1056266.62
543209.37 1056223.93
542689.52 1056735.20
541846.11 1056846.56
540634.76 1058095.83
540661.81 1058796.72
539916.15 1059495.59
538046.55 1059724.44
536988.69 1058704.90
536100.36 1057052.73
534731.06 1056114.82
532816.12 1056305.83
531973.50 1056912.60
530890.19 1056132.54
529889.71 1057045.47
527107.79 1057089.35
526573.03 1057908.69
526621.67 1058732.47
525917.18 1059702.82
526568.50 1060618.27
525758.04 1061943.21
523432.92 1062237.52
522997.27 1062795.30
521923.26 1063071.43
521803.33 1062827.11
519095.94 1063601.74
518434.22 1063436.37
518092.56 1064011.68
516392.51 1064312.43
516837.44 1065202.46
516902.68 1066929.42
516463.96 1067665.50
516461.15 1068589.99
515577.07 1069524.52
513845.29 1069499.01
512949.72 1069086.65
512251.60 1069368.76
510856.88 1071349.75
508657.55 1070674.85
508629.61 1071324.75
508123.66 1072032.43
506300.20 1072420.32
505566.57 1073275.14
505783.61 1073658.37
505396.17 1076943.02
505090.04 1077067.85
504906.75 1076809.08
504450.37 1077305.07
503716.89 1077126.57
502289.35 1077561.33
502469.61 1078484.92
502410.33 1078945.62
501915.11 1079210.08
502033.25 1080268.20
501352.45 1080465.62
500900.05 1081825.00
500089.15 1081999.12
499764.63 1081284.94
497863.85 1080341.69
497266.57 1080349.76
496525.30 1079669.51
495489.29 1080061.34
492165.61 1079621.95
490287.92 1080266.40
490734.22 1080944.53
490780.14 1082165.12
491743.86 1083831.33
492833.18 1084600.54
494934.49 1085119.36
495431.96 1085751.49
496690.34 1086256.30
497202.14 1087951.44
498186.23 1088522.27
497959.27 1088927.98
498157.80 1089619.18
500089.44 1091158.95
500137.88 1092052.66
497776.14 1092942.28
496511.57 1092875.82
495914.17 1093205.51
496039.49 1093421.06
495412.44 1094275.81
497110.55 1093981.76
498273.04 1094586.30
498060.37 1095210.19
498254.70 1095732.69
499435.39 1097394.04
499082.23 1099084.82
503369.12 1099513.43
504001.65 1100249.42
504764.42 1100166.52
505227.11 1100631.10
505707.34 1100571.89
506707.19 1101128.89
507516.74 1100409.56
508622.36 1100419.19
511058.85 1102269.50
515437.22 1102676.89
515441.06 1103447.96
514672.36 1104252.98
514378.90 1105154.64
514571.55 1106202.32
513486.49 1108007.61
513682.45 1109558.10
512983.39 1110673.99
511514.37 1112453.41
507507.92 1114948.92
507398.01 1116644.30
506825.84 1117936.53
506787.14 1119511.68
505811.71 1122035.77
530433.77 1110010.58
531315.71 1109939.47
532141.75 1110274.36
534019.45 1109053.36
536291.16 1108492.00
537368.68 1107567.43
537671.44 1107750.95
539527.81 1106884.67
539760.20 1106266.27
540116.47 1106399.06
540506.54 1105686.39
541123.21 1105665.45
541893.71 1104435.17
543325.90 1103784.17
549180.81 1103775.00
