2
729
335688.60 1091650.77
335438.16 1091240.66
335617.40 1090892.91
335168.68 1091063.98
334659.60 1090645.19
334354.56 1091075.94
334576.36 1091820.39
333237.79 1092880.26
332352.18 1092774.11
331590.59 1092179.18
330220.29 1092246.02
328954.03 1092908.21
328311.16 1092890.42
327892.99 1092503.16
327260.61 1093035.32
325725.97 1093264.09
325289.42 1093536.91
325260.70 1094046.43
323867.93 1093697.85
322729.30 1094319.50
321661.52 1094276.79
321289.39 1094455.96
321291.24 1095194.26
320021.25 1096041.05
318862.95 1095785.30
318820.00 1095007.16
318228.66 1095462.76
316974.55 1095572.46
316820.58 1095925.32
317709.82 1096488.51
317705.55 1098307.22
316067.51 1100567.85
316366.12 1100857.14
315692.45 1101925.40
315887.37 1102189.49
313523.75 1105398.38
313922.41 1105474.96
313422.64 1105449.04
311171.16 1107716.26
310400.01 1108078.02
310598.77 1108548.36
310198.96 1108947.97
309085.27 1109244.75
309497.46 1109475.00
308865.18 1109645.92
308169.96 1111811.11
306663.84 1112810.77
306298.40 1113680.91
305875.48 1113918.06
306002.67 1114216.58
303933.07 1116685.48
303946.84 1117558.58
303234.81 1118468.92
303416.22 1119355.71
302633.37 1121161.21
302639.01 1122031.07
301767.46 1122891.12
301693.62 1124041.79
300710.49 1125488.15
300693.75 1126093.32
298809.89 1128557.44
298525.96 1131587.78
297158.19 1134357.04
296996.25 1135298.00
297436.98 1136544.00
296967.75 1138675.52
297083.40 1139003.95
297564.59 1138986.12
298235.18 1139546.05
298548.96 1140677.81
298444.82 1141757.09
296576.63 1144447.90
296132.10 1144409.77
295948.93 1144864.10
294911.81 1144929.60
294583.86 1145635.31
295699.64 1146900.11
296608.01 1146899.23
296901.60 1147401.34
297694.19 1147539.14
297801.31 1148402.20
298962.23 1149741.06
298892.23 1150536.75
299294.56 1150227.13
299829.41 1150442.37
300006.38 1151819.13
300598.88 1151683.27
300736.50 1150810.29
301158.26 1150581.14
302053.78 1150654.26
303053.05 1151368.38
303921.24 1153045.63
303371.21 1153809.49
303661.40 1154144.24
303586.55 1154928.64
302908.68 1155625.31
304175.92 1155216.21
303947.15 1154777.66
304552.04 1154613.02
305254.83 1154872.74
305794.27 1155672.28
306046.67 1156539.71
305808.88 1156946.59
305407.58 1156829.56
305185.72 1158718.01
304860.38 1159112.89
304255.35 1159122.29
304151.74 1159623.37
303133.10 1159657.95
303516.07 1161019.14
302539.18 1161450.64
303118.26 1162347.39
301861.03 1163038.79
301702.85 1163504.13
301949.73 1163228.06
302850.64 1163533.48
302858.88 1163806.31
303887.75 1163609.54
304091.75 1164010.61
303871.24 1164341.51
304344.72 1164283.70
304565.82 1164921.02
304926.13 1164969.65
304817.93 1165831.27
305265.75 1165866.34
305305.91 1166479.25
305808.14 1166032.35
306359.50 1166254.63
306880.48 1165380.18
308046.35 1164863.86
308739.62 1165087.27
310030.26 1166430.48
311891.29 1166870.56
312389.91 1167812.12
313276.51 1167066.46
313889.99 1167130.51
314638.68 1167759.14
314911.98 1168653.92
313936.10 1169266.79
313872.54 1169597.09
315924.73 1169516.71
316460.21 1170416.05
316083.22 1171501.44
316564.24 1171765.63
317920.61 1171874.20
318116.72 1171307.53
319177.36 1171467.75
319520.94 1172037.09
319553.98 1173088.39
319992.62 1173008.06
320487.94 1174146.99
321926.15 1175171.42
321172.95 1176478.24
319602.49 1177298.47
318930.21 1177313.56
316846.36 1176059.59
316845.33 1175157.81
316210.19 1173850.94
315241.99 1173754.60
314848.06 1173217.99
314036.93 1173763.49
315269.26 1174059.62
315148.55 1174305.92
315606.37 1174920.64
315457.18 1175244.32
314937.83 1175291.07
315216.05 1176111.79
315562.13 1175985.43
315759.41 1176517.14
316139.03 1176319.23
316631.75 1176553.13
317222.52 1177270.93
317104.41 1177635.38
316210.28 1177229.04
315630.70 1177465.88
316260.29 1178378.64
316791.30 1178249.40
317264.22 1178834.61
316602.67 1179413.56
318567.73 1179670.08
319079.96 1180721.37
318728.97 1183085.58
318904.77 1183562.75
318267.02 1185618.15
318364.36 1187251.46
318089.51 1187800.44
318197.31 1188916.52
318762.34 1190175.96
318160.09 1191800.78
318480.67 1191581.18
318534.35 1191898.12
317952.21 1192080.41
316881.53 1193431.86
316433.39 1194304.35
316998.24 1194108.73
316980.65 1193833.31
317054.55 1194103.22
316374.33 1194705.12
316635.94 1194872.32
316269.52 1194764.01
315982.01 1195157.29
316345.80 1194410.06
315570.26 1195120.95
314450.42 1194677.79
313696.96 1195534.22
313090.99 1195372.85
312180.68 1196011.88
311590.11 1195730.05
311191.53 1196185.32
309468.78 1196877.06
307636.16 1195863.14
307112.56 1195139.82
305578.07 1196335.94
303982.84 1196505.61
302894.81 1197920.80
303013.41 1198644.57
304119.30 1198841.33
304428.60 1199204.12
304370.15 1200054.75
303475.71 1200908.43
302688.95 1200323.40
300121.42 1200832.93
299473.08 1200632.44
298361.15 1201118.66
297268.37 1200812.46
296917.93 1201982.52
295835.00 1203401.53
291897.78 1204840.73
291451.89 1205524.78
290485.28 1205879.25
286766.15 1204841.03
287256.75 1205373.28
290261.32 1206490.33
290851.38 1207111.63
292261.49 1207111.04
294353.91 1208196.85
294395.56 1208526.59
295394.19 1208513.86
296448.17 1209160.59
296287.91 1210517.63
294435.70 1211126.37
294001.87 1211368.78
294191.18 1211494.41
295721.63 1211553.17
296069.34 1211318.51
296253.20 1211553.75
297342.15 1210916.93
299339.74 1211064.84
299769.58 1210699.81
300413.54 1210950.20
300586.51 1210620.83
300742.63 1210958.62
301389.98 1210919.19
302102.47 1209818.28
301119.38 1209185.46
301243.61 1208349.90
302467.02 1207909.11
302623.48 1207538.03
303840.83 1206861.19
305033.37 1207480.57
304225.28 1208530.18
303444.87 1208929.97
303272.13 1209432.61
303662.27 1209701.73
304398.58 1209429.90
304441.00 1209962.69
304936.27 1210259.52
304942.14 1209902.62
305389.88 1209633.63
305729.31 1210283.17
306335.89 1210004.51
306567.07 1210192.16
306903.26 1209806.99
307020.09 1210114.37
308109.99 1210207.94
308892.40 1209925.32
310554.09 1210229.55
310726.92 1209649.17
311102.89 1210092.51
311976.51 1209675.67
312109.22 1209245.25
311679.36 1208939.75
311691.04 1208533.14
312856.23 1208731.12
312641.49 1209313.93
312889.64 1209781.91
313626.60 1209715.44
314050.67 1210862.39
313876.86 1211317.16
312377.24 1211649.54
311896.15 1212284.45
312515.25 1211787.19
312693.85 1212082.39
313398.62 1211881.98
313907.22 1212992.93
315102.49 1212836.15
315440.56 1213479.02
315359.44 1214336.47
313143.24 1215700.07
313074.22 1216481.34
311438.02 1217583.30
310167.78 1217789.81
308442.78 1218937.83
308299.85 1219563.88
308689.64 1220004.77
309083.11 1219973.70
309243.73 1220635.70
310277.30 1220428.08
310413.13 1221004.35
309980.57 1221115.31
309775.22 1221725.44
311229.50 1222331.91
311715.48 1221990.06
312765.39 1219832.25
313404.77 1220214.78
315512.68 1219848.96
316868.25 1220446.83
317458.58 1221102.35
317751.65 1221965.89
317477.98 1223653.53
316795.09 1224396.40
316144.67 1224438.01
315890.03 1225100.49
315016.59 1225592.42
324194.39 1241131.30
329587.08 1240025.46
333726.59 1235309.15
344445.56 1230985.51
351705.79 1230647.95
365708.28 1223625.75
365259.00 1223497.03
365034.91 1223871.58
364592.33 1223661.20
364211.53 1223879.44
363965.93 1223383.00
363573.11 1223504.23
363235.50 1222091.18
362945.76 1222078.38
362681.66 1221508.06
361963.78 1221386.05
362436.60 1220384.60
362507.21 1218940.29
361994.65 1218023.48
361757.82 1218190.59
361349.24 1217927.72
361380.58 1218410.55
360423.44 1218280.07
360537.82 1218473.07
359588.58 1219378.56
359022.00 1219142.23
356661.00 1221419.15
354540.45 1221211.15
354254.39 1220654.00
352063.43 1220323.18
351692.68 1218760.85
350400.08 1217217.25
350671.45 1216584.76
349447.77 1216213.40
349540.97 1215532.79
349109.10 1214950.92
349446.24 1214215.99
348937.74 1213494.72
347917.93 1212835.88
347346.84 1212976.68
346519.74 1212485.39
344740.68 1212772.46
342154.73 1210553.53
341657.40 1209753.26
341986.14 1208791.21
341804.08 1207528.05
342950.64 1206564.98
343194.66 1205495.88
343984.00 1205269.30
345415.30 1203363.68
345981.13 1203419.71
346377.63 1202497.07
347943.91 1201141.55
349352.24 1198469.14
350130.77 1197843.99
350749.93 1197546.62
352484.59 1197559.57
353814.43 1196576.14
354709.61 1196329.15
355125.68 1195746.69
355733.96 1195772.25
357224.95 1194544.61
358269.47 1191994.03
358839.87 1191738.05
359450.05 1190190.46
359932.44 1190127.95
360229.73 1189100.73
360954.43 1189156.21
361206.51 1189613.97
361925.31 1189449.81
363499.74 1190511.80
364892.76 1190807.91
370742.67 1188488.41
374808.18 1188685.50
376458.00 1187045.47
376463.77 1185494.64
377064.92 1184524.32
379468.34 1184888.98
380075.62 1185336.97
381119.91 1184793.76
382782.11 1184788.87
383266.32 1184252.32
383959.00 1184341.87
384591.44 1183073.43
387681.93 1182615.27
388425.63 1181205.20
388459.44 1180470.43
389223.01 1180154.85
389487.04 1179356.92
390479.54 1178493.98
390382.00 1175149.21
391868.66 1174313.36
392160.55 1172827.14
393328.62 1172960.39
395406.23 1171661.79
396562.00 1171733.91
397221.24 1170669.23
398278.84 1170441.84
398211.16 1170050.57
398754.59 1169328.44
399421.86 1169361.56
400530.47 1168800.21
401160.46 1169003.65
402585.84 1167808.67
403351.02 1168256.06
404714.78 1168114.82
405435.44 1167375.96
406139.86 1167137.14
406770.60 1166281.02
407529.27 1166319.89
407408.57 1164753.56
408201.81 1164473.39
408288.49 1163898.77
409073.89 1163705.89
410067.75 1164031.77
410185.42 1162746.11
412864.29 1161140.32
413270.84 1160106.20
415257.99 1160859.48
415253.96 1157037.85
416069.73 1152938.74
415997.90 1151441.73
414439.28 1148438.64
414679.26 1147839.69
415554.34 1147259.67
415992.58 1144764.32
415204.67 1144574.26
414469.51 1142556.23
413646.93 1141359.94
413031.25 1141303.83
412764.29 1141852.63
411997.29 1141880.30
411832.20 1142448.48
410706.90 1142408.75
409475.08 1143169.05
408228.98 1142294.40
407492.21 1140368.16
407560.32 1138328.16
407203.89 1137689.58
405461.15 1136958.82
405152.12 1135715.71
404444.52 1134768.47
404625.57 1133298.66
404410.95 1132577.13
403939.63 1132149.79
403715.41 1131052.79
402592.58 1130061.32
402550.35 1129370.40
404195.63 1128020.72
404140.47 1126698.88
403033.27 1125928.98
400915.53 1125684.83
400094.82 1125157.82
399550.99 1123891.40
398222.70 1123515.42
397807.84 1122915.37
397898.41 1122397.97
398395.51 1122158.31
398103.29 1121379.88
398646.99 1120393.84
398568.60 1120041.67
398183.29 1119961.03
398735.59 1119134.36
398393.14 1118598.80
398699.78 1118666.84
399189.03 1117945.63
398185.94 1118584.02
397022.12 1118564.12
395998.87 1119054.43
393515.27 1121310.39
392625.87 1121558.42
392222.56 1122571.52
389996.92 1123662.16
390173.37 1124647.42
389951.83 1125113.45
389367.57 1125772.61
387620.51 1126548.20
387250.69 1127205.61
387391.79 1128131.10
386073.33 1127050.32
386415.04 1126698.32
386239.41 1126092.37
386522.48 1126062.26
386635.69 1124931.96
386947.09 1124603.88
387409.14 1124648.09
387142.50 1123917.33
387410.54 1123567.15
386144.79 1123543.86
385873.50 1124007.21
385751.81 1123687.70
385110.16 1123590.33
384043.71 1124396.86
383593.96 1123864.72
383028.83 1124409.92
383139.81 1123530.37
382330.34 1123626.84
382064.08 1123312.13
382756.27 1122543.93
382305.28 1121816.34
380067.83 1123223.67
379817.59 1123991.10
380299.14 1124707.17
379050.37 1125326.54
376901.19 1125259.26
376154.16 1124929.22
375689.51 1123743.89
375149.39 1123890.25
374666.80 1123630.78
372870.18 1124519.35
371911.78 1124397.35
371009.75 1125104.49
369601.44 1125066.82
366952.13 1126155.55
365744.26 1127270.20
365515.81 1128532.53
364739.78 1129398.74
365245.88 1129989.56
365468.49 1131116.10
365151.38 1132136.95
362983.15 1134199.34
360982.13 1135406.67
359295.35 1135838.93
359925.51 1137258.70
359822.23 1138310.62
359080.08 1139114.27
357203.32 1139994.09
356761.47 1141489.69
355817.30 1141942.66
353239.38 1142043.75
351376.64 1141041.56
351221.11 1141989.25
349773.19 1142044.87
348968.18 1142590.44
349174.09 1142769.89
349726.96 1142175.32
350095.08 1142293.75
349820.79 1143285.03
350313.84 1143727.89
350218.51 1144026.44
349618.84 1144174.82
348210.09 1143405.45
346862.66 1143415.48
345759.30 1144372.83
346280.15 1143630.50
346917.35 1143334.29
348203.91 1143315.62
349560.79 1144070.57
350192.35 1143942.44
349739.70 1143325.68
349980.87 1142299.33
349220.52 1142830.70
348897.37 1142532.23
349809.52 1141914.11
351020.78 1141944.78
351396.32 1140776.65
353758.78 1141663.89
356174.61 1141449.96
357026.21 1139689.40
359116.35 1138329.82
359338.89 1137744.00
358581.39 1136484.30
358693.65 1135721.26
363109.19 1133265.43
363677.10 1132250.46
363299.63 1131544.21
363764.09 1130595.24
363422.56 1128804.15
363865.24 1128212.45
363322.74 1125774.82
363827.98 1122751.30
363643.28 1122004.23
365433.34 1119393.77
364608.22 1120127.29
364216.23 1120050.85
364099.39 1119246.95
364375.02 1118570.32
364121.85 1117714.72
364542.63 1117849.31
365187.62 1116480.12
367034.81 1115465.45
368987.34 1115168.43
369520.10 1113013.16
369858.55 1113316.10
370215.66 1113179.24
370766.90 1111775.23
371295.18 1111319.09
371771.27 1111082.09
373684.68 1111380.43
373936.23 1110399.03
373435.23 1109423.07
372923.94 1109344.15
372061.21 1110137.86
371663.34 1108940.68
371847.04 1108421.35
372431.08 1108173.15
372153.59 1107240.59
371686.74 1106996.00
372665.43 1105379.11
372701.55 1104599.94
372013.38 1103908.65
370493.22 1103379.10
370477.32 1102988.68
369939.35 1102686.06
368072.43 1102574.68
366403.20 1102930.55
366007.91 1102557.78
364706.47 1102388.39
363279.81 1102999.50
362462.03 1102036.24
360948.63 1101954.12
360405.25 1100619.98
360918.52 1099077.94
360218.37 1098565.64
359666.41 1097355.43
359993.77 1096657.24
360409.39 1096695.03
360501.24 1097068.68
361008.05 1096637.32
361359.04 1096869.62
361232.88 1096488.45
362424.46 1096447.41
362820.57 1095939.95
364097.57 1096041.82
364277.77 1095609.13
364916.86 1095708.03
365266.64 1095015.12
365409.00 1095248.56
365865.74 1094864.24
366043.76 1095215.54
366577.87 1095129.77
366792.13 1093833.73
366972.68 1093622.34
367407.56 1093875.84
367229.35 1093347.84
367899.62 1093335.13
367928.28 1092309.35
368376.96 1092087.60
368354.09 1091451.92
368720.55 1091268.76
368576.78 1090594.51
369134.21 1090484.41
369386.79 1090069.82
370173.92 1090150.42
370301.59 1089760.38
371009.49 1089920.18
370694.88 1088951.60
369885.32 1088690.17
370182.28 1088003.51
369472.28 1087825.37
369930.94 1087387.96
369589.06 1086663.24
370066.93 1085814.65
369581.14 1085273.02
369099.17 1085357.12
369582.32 1084703.02
369473.77 1084247.39
368895.21 1084089.70
369108.08 1083793.57
368904.75 1083315.11
369433.93 1083106.66
369005.45 1082412.76
369529.92 1081776.42
370125.16 1082498.94
370538.98 1081840.71
369660.70 1081119.32
369124.62 1081174.62
368454.22 1080416.61
368578.92 1079842.40
368253.98 1079613.54
368600.34 1079163.33
367952.37 1078885.63
367944.92 1078024.82
367028.25 1077924.11
366987.25 1077346.60
366222.88 1077525.56
366362.51 1076162.99
366627.49 1075969.87
366361.51 1075816.21
365492.11 1076124.87
361544.92 1078978.25
360044.48 1079449.58
361388.83 1081066.15
360103.71 1082437.79
357621.81 1084457.38
354829.18 1085821.80
353610.96 1085668.83
353972.98 1086428.18
351621.39 1087909.24
350266.12 1088499.52
349864.80 1088402.59
348564.51 1089292.75
346454.04 1089777.39
346013.92 1089199.15
344976.43 1089672.33
343666.50 1089773.88
343388.32 1090399.28
341638.18 1090850.14
340113.09 1090689.53
339484.59 1089590.02
338970.50 1089532.40
336957.61 1090542.45
337320.02 1091016.98
337034.51 1091693.89
335790.70 1091739.04
10
290893.28 1201755.52
291199.44 1200759.38
290655.33 1200604.00
290336.84 1201186.22
289891.63 1200789.42
289236.50 1200792.68
289698.31 1201269.82
290211.66 1201318.81
290223.96 1201690.13
290893.32 1201779.09
