1
155
487973.56 1101465.64
487522.28 1101285.40
485387.06 1102153.37
484054.76 1101573.52
482909.24 1102309.66
481486.15 1101960.49
480930.57 1102647.48
479951.37 1102270.56
479874.79 1102791.51
479148.06 1102932.51
478081.29 1102224.25
478074.12 1103123.75
478648.75 1103259.37
478261.71 1104850.06
479318.48 1105141.04
480951.68 1106367.43
480983.97 1108784.68
481769.29 1113693.65
482323.78 1114952.19
482380.12 1192609.00
485190.32 1192774.35
485524.45 1191121.34
486145.89 1190356.58
487324.84 1190372.73
488449.99 1191393.90
489073.44 1191259.42
491295.75 1189613.79
493163.10 1190175.19
493310.22 1191364.67
494088.24 1191871.02
494814.67 1191686.92
495286.39 1191061.50
496046.44 1191028.58
496642.65 1192989.71
497195.75 1193397.27
497631.89 1193303.14
498372.40 1192510.16
498399.88 1191911.97
499423.21 1190289.03
500666.68 1189713.87
501804.55 1188640.23
503043.53 1188176.80
503656.92 1186315.08
506786.76 1185508.10
507056.67 1184221.88
507413.06 1183980.40
509274.56 1184377.79
511928.03 1185563.01
514076.04 1184927.85
514947.74 1185105.26
517468.65 1188031.16
518934.69 1188542.00
520790.62 1188409.48
521857.71 1189297.48
522601.49 1190846.36
524250.62 1191118.42
525695.79 1190865.78
526049.36 1191156.67
527085.53 1190820.92
528395.00 1189384.55
529250.76 1187472.47
528390.70 1186532.71
528505.19 1185507.66
531008.41 1183553.09
531727.61 1182353.43
528210.15 1182358.98
525696.73 1183104.00
525059.16 1182758.79
524086.67 1181429.50
523368.14 1179985.55
523251.00 1178489.17
522258.16 1177973.90
520882.82 1177900.90
520597.09 1177479.47
520167.78 1177639.62
517988.36 1177113.82
517419.78 1176576.20
517242.89 1175551.91
517497.23 1174405.26
516959.47 1173540.76
517136.88 1172813.83
516888.09 1172537.45
517915.63 1170972.71
517652.95 1170865.14
517868.07 1170335.09
517569.58 1169611.00
517100.19 1169105.12
517467.49 1168380.33
517068.64 1168085.36
516706.16 1166697.89
517170.07 1166434.83
516836.89 1166167.93
516922.90 1165471.57
517466.70 1165386.60
517747.23 1164631.43
517604.16 1162324.74
518484.69 1161423.59
518367.86 1160632.34
518812.93 1160431.25
518503.21 1159051.69
517665.60 1158225.61
518396.33 1157451.71
518500.92 1156869.31
517589.95 1156082.45
517001.60 1154972.31
515761.34 1155139.98
515396.56 1154920.17
515351.72 1154161.77
513792.21 1153194.55
513651.29 1151795.24
513089.52 1150381.69
513648.27 1148927.81
514328.28 1147859.40
514754.85 1147745.42
514779.80 1147279.56
516382.30 1144929.13
516552.80 1142797.73
515965.52 1140886.90
516300.56 1139763.95
516426.20 1136952.76
515607.26 1133951.49
513878.77 1132597.40
508903.53 1127507.87
505179.20 1125608.39
504246.88 1124824.85
503078.01 1124488.03
502251.92 1122286.74
502497.30 1120412.50
502140.02 1119434.21
502177.88 1117084.30
501709.89 1116928.86
501179.43 1116163.15
500637.81 1116292.78
499800.84 1115925.68
498289.87 1114533.56
496898.83 1114914.50
496896.59 1112383.73
498271.39 1111271.76
498888.62 1109829.91
498626.95 1108139.70
497814.66 1107841.09
497469.09 1107284.45
497201.89 1104830.13
495280.34 1104325.08
495527.50 1104037.58
494712.01 1103125.46
494057.33 1103167.94
494268.01 1102815.75
493702.20 1102725.99
493672.79 1102329.54
493375.60 1102482.24
492437.25 1102075.95
490882.79 1102490.22
489695.17 1101635.12
487992.31 1101492.59
