1
381
622750.58 1057686.74
622817.35 1056931.56
623230.18 1056545.19
624220.17 1056608.95
624326.11 1055632.10
623594.24 1054853.81
623783.85 1053362.99
624637.56 1052650.38
625661.63 1052845.87
625926.70 1052516.24
625605.07 1051945.56
626535.71 1052222.80
626509.53 1051608.96
627086.78 1051128.77
626901.98 1050555.68
627243.59 1050336.51
617039.52 1047869.83
617160.31 1004022.61
616639.85 1003607.78
615294.83 1005359.08
614515.05 1005262.56
613126.43 1005992.17
612357.06 1005918.56
611968.98 1007806.93
611070.04 1008210.06
611302.46 1009064.06
610287.02 1009348.38
610717.15 1010315.02
610347.64 1011278.81
610748.39 1012476.57
610247.22 1012848.84
609096.64 1012545.15
606252.31 1013171.24
604861.20 1013017.47
602756.10 1014843.13
602533.73 1016233.96
603536.27 1016740.66
603649.75 1017402.66
601448.12 1019607.19
601118.69 1021133.64
601819.88 1021470.68
601817.26 1022920.57
600608.19 1023551.23
599795.16 1023342.61
599071.74 1023625.39
598567.71 1024356.44
597763.82 1024625.92
597061.28 1025670.29
595118.76 1025816.12
595097.71 1026456.35
593906.48 1027294.82
593940.99 1027622.78
592562.39 1028437.04
592593.28 1028783.01
591796.38 1029292.73
591341.05 1030567.96
590298.78 1031401.75
589142.49 1030945.35
585229.27 1030689.21
584698.86 1031384.17
583941.81 1031688.52
583382.22 1032717.23
581611.20 1033018.01
579193.42 1034570.23
578273.24 1034523.05
577936.19 1035364.79
575549.69 1037541.13
574623.14 1037709.85
573853.33 1037416.06
573308.24 1037580.02
573076.84 1036605.09
571964.13 1035798.93
571997.07 1034722.47
571235.77 1034007.64
570816.78 1034180.82
569567.87 1033486.60
567480.59 1033521.75
566057.04 1032495.34
565842.35 1033664.81
564203.21 1034733.68
563461.05 1035713.88
562683.56 1035820.36
562449.68 1036368.20
561787.81 1036215.61
561491.40 1036901.76
560416.95 1036922.42
559493.82 1037572.68
557921.65 1041597.52
556887.00 1042537.98
557283.46 1044961.23
556692.20 1047492.03
556121.44 1048500.76
556378.50 1050350.16
555481.46 1051642.12
555126.35 1053168.67
553194.00 1054420.45
553372.37 1054986.64
553108.74 1056353.80
553448.12 1056777.20
553426.80 1057965.77
554390.66 1059742.69
553583.33 1061222.99
555820.26 1063056.53
556845.92 1064683.75
558380.61 1065189.12
558894.24 1066298.42
560173.86 1066851.26
560710.76 1067449.61
562773.34 1070396.74
562632.65 1073364.32
564639.76 1075450.28
565314.45 1076695.90
566161.63 1077232.19
567681.29 1080107.10
569269.06 1081563.46
569398.84 1082093.49
570585.14 1083317.73
570684.69 1083938.56
572800.22 1086246.63
572533.12 1087432.73
573260.47 1088558.86
572852.05 1088952.36
572457.25 1090339.18
572970.74 1091650.19
572761.60 1091998.16
573031.71 1092457.70
572666.49 1092996.14
572950.93 1093114.73
572121.19 1093544.97
572346.10 1094095.18
571962.08 1094049.19
571522.04 1094533.34
571945.90 1094745.79
571351.71 1095141.78
571423.39 1096396.67
571840.46 1096615.93
571303.07 1097147.77
571416.19 1098000.53
570939.34 1098986.49
571475.94 1098743.48
571785.68 1099195.06
572552.74 1099410.51
572379.48 1101412.13
573705.33 1101956.55
575440.43 1103791.74
543325.90 1103784.17
541893.71 1104435.17
541123.21 1105665.45
540506.54 1105686.39
540116.47 1106399.06
539760.20 1106266.27
539527.81 1106884.67
537671.44 1107750.95
537368.68 1107567.43
536291.16 1108492.00
534019.45 1109053.36
532141.75 1110274.36
531315.71 1109939.47
530433.77 1110010.58
505811.71 1122035.77
507244.98 1126252.93
510656.09 1129047.50
513878.77 1132597.40
514915.60 1133165.86
515607.26 1133951.49
516211.78 1135736.69
516300.56 1139763.95
515965.57 1140934.67
516552.80 1142797.73
516382.30 1144929.13
514779.80 1147279.56
514754.85 1147745.42
514328.28 1147859.40
513648.27 1148927.81
513089.52 1150381.69
513651.29 1151795.24
513792.21 1153194.55
515351.72 1154161.77
515396.56 1154920.17
515761.34 1155139.98
517001.60 1154972.31
517589.95 1156082.45
518500.92 1156869.31
518396.33 1157451.71
517665.60 1158225.61
518503.21 1159051.69
518812.93 1160431.25
518367.86 1160632.34
518484.69 1161423.59
517604.16 1162324.74
517747.23 1164631.43
517466.70 1165386.60
516922.90 1165471.57
516836.89 1166167.93
517170.07 1166434.83
516706.16 1166697.89
517068.64 1168085.36
517467.49 1168380.33
517100.19 1169105.12
517569.58 1169611.00
517868.07 1170335.09
517652.95 1170865.14
517915.63 1170972.71
516888.09 1172537.45
517136.88 1172813.83
516959.47 1173540.76
517497.23 1174405.26
517242.89 1175551.91
517419.78 1176576.20
517988.36 1177113.82
520167.78 1177639.62
520597.09 1177479.47
520882.82 1177900.90
522258.16 1177973.90
523251.00 1178489.17
523368.14 1179985.55
524086.67 1181429.50
525059.16 1182758.79
525696.73 1183104.00
528210.15 1182358.98
531727.61 1182353.43
531008.41 1183553.09
528505.19 1185507.66
528390.70 1186532.71
529250.76 1187472.47
528395.00 1189384.55
527348.75 1190653.03
526049.36 1191156.67
530139.06 1192630.14
531233.30 1193433.76
533154.80 1192842.45
535911.14 1193901.66
537135.68 1196335.57
535548.34 1199997.95
536405.62 1203061.29
536227.70 1204102.75
534695.17 1205016.78
535366.86 1205567.93
535081.58 1206358.67
535490.72 1206038.28
535737.64 1206203.44
534083.63 1208995.41
533203.90 1209201.03
533090.39 1209569.92
535588.73 1209129.48
535780.98 1208852.69
535456.23 1208143.92
536890.92 1208881.03
539131.59 1206922.67
540861.53 1204336.87
545224.21 1193956.34
544917.60 1193078.85
545408.31 1192777.27
545500.63 1191313.40
547165.90 1184467.64
549164.19 1178447.05
552324.73 1170744.34
552201.58 1169942.58
552494.12 1170258.27
556133.59 1162442.85
561196.96 1153441.32
568418.34 1142974.87
580118.60 1129378.84
585480.68 1122413.95
589282.11 1118049.87
595385.51 1109814.44
597899.91 1106886.91
599481.55 1106012.09
601009.80 1105953.39
600899.92 1107217.59
602052.78 1107291.28
602267.45 1107057.95
602446.78 1107536.96
602837.13 1106868.21
604213.00 1107177.44
606892.64 1106013.76
606556.01 1105427.96
607425.53 1104566.64
607029.20 1104958.92
606885.19 1104490.49
606819.14 1104874.68
606708.56 1104485.55
606498.94 1104772.63
605724.04 1104444.50
606238.76 1104507.84
606307.53 1103154.58
606963.92 1101773.74
613920.46 1092274.31
620408.59 1084521.18
620479.16 1084144.32
620197.77 1084238.76
621130.13 1083164.73
621022.11 1082846.25
621627.16 1082794.14
624663.73 1078723.48
626430.31 1077336.01
627184.30 1077369.56
627533.79 1076798.97
628441.24 1076571.68
629544.90 1077418.31
629943.38 1078289.50
630677.80 1077770.17
629982.54 1075784.34
630105.41 1074852.81
632782.71 1069746.43
635276.83 1067979.58
636368.19 1067785.08
636625.72 1068201.84
637324.92 1068417.23
638025.00 1068093.58
639013.00 1066854.51
639981.19 1066591.62
640507.14 1066817.26
642841.70 1065948.50
644287.60 1066625.40
645112.68 1065768.48
646323.17 1065297.71
647159.02 1065356.28
648340.83 1066212.19
649317.79 1065785.18
650007.90 1065995.90
651245.34 1065640.22
651611.48 1065146.53
651414.68 1064125.98
651849.05 1063131.43
653457.13 1061236.36
657556.94 1058712.93
657693.69 1057570.81
658937.59 1056039.06
658623.59 1055375.32
658021.40 1055154.63
655986.80 1057056.08
653642.80 1057264.91
653276.53 1056447.14
653921.79 1054515.34
653221.12 1053101.52
653216.21 1051463.42
651770.37 1050546.29
649923.64 1050992.66
650073.31 1050322.70
649846.82 1050082.15
648457.08 1050457.96
647203.29 1051847.56
646943.63 1051007.93
646239.92 1050790.54
645860.71 1050928.88
645461.68 1052148.51
644785.56 1051470.87
643730.69 1052036.58
643490.93 1053070.24
642696.44 1053835.90
643595.82 1054602.62
643322.03 1055425.13
642395.21 1055741.37
641888.61 1056677.84
641153.58 1055742.08
639549.19 1056692.11
639823.44 1057331.21
639509.88 1057787.74
637950.44 1058278.81
637498.26 1059731.41
638009.08 1060654.21
637619.52 1060979.50
636989.49 1060679.84
635784.20 1061058.11
634320.68 1060097.36
632460.76 1061597.82
629965.35 1061431.15
629685.01 1061974.31
628975.34 1062289.20
628728.81 1062968.26
626570.27 1063545.25
625327.95 1063144.24
625108.56 1062796.34
624756.68 1061217.50
625087.00 1060638.44
623737.84 1061072.50
623190.71 1060784.18
623160.19 1059477.43
622583.75 1058585.67
622562.78 1057678.54
