14
25
162154.42 615181.00
162701.96 614256.90
163360.31 614620.47
163794.74 614462.34
164362.85 613064.68
164130.95 611995.12
163697.84 611655.83
163034.09 611734.52
162502.82 611014.61
161762.60 611048.30
160596.92 610208.07
160035.24 610356.90
159234.28 608836.12
158644.46 609081.66
156975.58 611129.27
157604.75 612224.39
157375.46 612492.23
158664.00 613562.98
161202.34 613690.36
161186.01 614136.48
160600.33 614485.99
161615.20 614531.35
161968.80 614749.10
161854.70 615234.70
162155.99 615183.09
6
401993.89 1080735.28
402713.32 1080782.38
403034.14 1080449.94
401797.64 1079713.33
401089.09 1080627.74
401971.90 1080759.12
7
401392.58 1081742.09
401540.19 1081140.87
400945.25 1080829.99
400675.62 1081261.42
400826.45 1081945.14
401244.73 1082086.37
401342.46 1081750.85
5
406912.07 1086273.54
405667.01 1085512.07
405102.88 1085880.30
405754.28 1086348.93
406898.27 1086279.66
6
408401.60 1086507.50
409658.03 1086260.84
409203.74 1086030.57
407608.14 1086329.08
407630.61 1086626.23
408315.42 1086523.53
11
404877.63 1089260.63
405137.45 1089328.65
403876.76 1088737.07
404422.34 1088303.83
404184.10 1088141.75
402374.38 1087863.68
403425.22 1088305.55
403149.27 1088736.88
403354.55 1089420.12
404538.36 1089556.39
404852.63 1089262.24
205
365108.74 1076521.52
366567.65 1075835.26
366222.88 1077525.56
366987.25 1077346.60
367028.25 1077924.11
367944.92 1078024.82
367952.37 1078885.63
368600.34 1079163.33
368253.98 1079613.54
368578.92 1079842.40
368454.22 1080416.61
369124.62 1081174.62
369660.70 1081119.32
370538.98 1081840.71
370125.16 1082498.94
369529.92 1081776.42
369005.45 1082412.76
369433.93 1083106.66
368904.75 1083315.11
369108.08 1083793.57
368895.21 1084089.70
369473.77 1084247.39
369582.32 1084703.02
369099.17 1085357.12
369581.14 1085273.02
370066.93 1085814.65
369589.06 1086663.24
369930.94 1087387.96
369472.28 1087825.37
370182.28 1088003.51
369885.32 1088690.17
370694.88 1088951.60
371025.75 1089893.78
370301.59 1089760.38
370173.92 1090150.42
369386.79 1090069.82
369134.21 1090484.41
368576.78 1090594.51
368720.55 1091268.76
368354.09 1091451.92
368376.96 1092087.60
367928.28 1092309.35
367899.62 1093335.13
367229.35 1093347.84
367407.56 1093875.84
366972.68 1093622.34
366792.13 1093833.73
366577.87 1095129.77
366043.76 1095215.54
365865.74 1094864.24
365409.00 1095248.56
365266.64 1095015.12
364916.86 1095708.03
364277.77 1095609.13
364097.57 1096041.82
362820.57 1095939.95
362226.23 1096531.48
361232.88 1096488.45
361359.04 1096869.62
361008.05 1096637.32
360501.24 1097068.68
360409.39 1096695.03
359932.77 1096710.69
359666.41 1097355.43
359859.33 1097871.71
360918.52 1099077.94
360405.25 1100619.98
360948.63 1101954.12
362462.03 1102036.24
363156.57 1102984.24
364354.18 1102407.64
365398.76 1102378.32
366403.20 1102930.55
368898.64 1102539.71
369939.35 1102686.06
370477.32 1102988.68
370493.22 1103379.10
371842.04 1103787.25
372710.14 1104623.86
372650.06 1105500.70
371689.07 1107033.38
372657.18 1107817.46
375602.53 1105034.31
376129.62 1104805.85
377310.20 1105017.31
377650.06 1103993.39
377453.97 1103532.33
377087.47 1103651.83
377527.53 1103234.19
377803.98 1103723.74
379947.42 1102661.95
381754.41 1103650.23
382298.17 1103173.04
381676.24 1103183.91
381925.65 1102460.66
382169.57 1102844.04
382791.41 1102734.62
382433.32 1102208.91
383271.73 1102366.27
383132.31 1102897.56
383631.11 1102853.04
383815.38 1103176.77
384054.73 1102790.51
383922.92 1103200.10
384680.91 1103251.22
386033.71 1101920.67
387733.08 1101387.96
388058.54 1100281.15
389505.93 1099038.62
390559.92 1099289.18
392424.32 1098839.18
393457.28 1099409.00
394284.05 1098998.99
394812.86 1099454.50
395757.13 1098791.65
397632.13 1098383.60
397515.32 1097794.15
398968.41 1097634.24
399023.48 1096570.79
399748.88 1095267.01
398275.34 1094970.45
397703.43 1094558.81
397148.86 1092671.02
397650.98 1092078.95
398805.11 1091691.70
399130.61 1091158.66
399046.77 1090507.51
400234.09 1090243.66
400622.64 1089603.62
399956.60 1089888.48
398777.26 1089389.87
398710.38 1088527.63
397504.95 1087667.10
399141.30 1086780.24
399021.65 1086512.90
399334.59 1086780.05
399682.89 1086459.88
401766.12 1087535.02
405248.98 1086980.25
404760.64 1086358.79
403806.36 1086232.52
403430.45 1085156.73
401590.29 1085366.67
400849.31 1084003.62
401162.91 1083573.51
398630.88 1082876.45
398547.90 1081944.13
399197.36 1082086.03
397883.45 1080824.81
398074.45 1079739.43
397705.26 1079589.57
397539.89 1079026.25
396548.62 1079487.26
395295.62 1078956.75
395428.13 1078555.53
395110.19 1077950.50
395736.18 1076345.33
395214.10 1075767.64
393164.64 1076128.64
392648.72 1077130.61
391721.01 1077229.86
391832.02 1077517.68
391049.90 1078052.34
389324.48 1077228.08
388651.05 1076273.29
388500.30 1074449.86
388685.92 1074210.82
390197.41 1074146.83
390840.12 1073311.26
389453.90 1071621.87
386192.85 1070619.23
385647.63 1069585.23
384179.53 1069015.66
383881.15 1068323.92
382811.75 1067615.45
382238.27 1066610.44
382136.42 1065357.06
381693.49 1064827.84
381685.87 1063418.86
380080.85 1060137.04
380211.42 1058487.26
379659.52 1058110.27
378981.35 1058319.06
378496.34 1058094.07
377991.53 1057516.08
378051.45 1057100.30
377391.09 1057285.50
377681.00 1057846.60
376863.39 1058760.72
376438.89 1058979.80
375826.97 1058624.85
375007.77 1059636.58
374729.48 1059545.70
374403.52 1060932.02
374542.93 1062410.83
374110.46 1062757.73
374345.23 1063435.13
369748.03 1068518.85
368728.77 1069269.97
367941.00 1070823.40
367932.32 1071690.57
366707.85 1073428.34
365933.59 1075419.95
364871.97 1076563.97
365103.76 1076527.72
1152
628913.68 954360.36
628935.09 952890.65
627872.63 952595.14
629140.85 951185.34
628432.49 950260.23
629648.35 947472.75
627815.88 944962.90
627885.03 943629.54
628461.44 942717.94
628412.66 940961.63
628650.98 940662.41
627765.47 937843.34
624631.20 933353.68
619581.61 932153.91
617723.68 932852.64
617206.64 931599.35
615167.98 930422.45
615081.93 929748.15
614419.63 929313.67
614333.64 928567.04
613740.96 928310.86
613443.23 927434.92
612775.67 927137.36
611926.64 925940.69
611268.86 926415.53
609342.85 924023.88
608380.29 923994.15
608054.61 923469.08
607100.84 923644.82
604881.74 922495.27
604991.58 921945.96
604430.09 921679.78
605136.83 919578.86
606022.45 919916.18
606558.46 919342.16
607154.94 919685.10
607649.20 919152.76
607356.45 918762.50
607483.83 918385.15
608616.30 918177.34
609825.86 917361.21
609688.57 916668.33
610179.56 916633.74
611186.88 914705.12
611689.01 914856.96
612269.40 916325.01
612832.10 916679.22
613676.03 915574.51
614979.15 915662.29
615414.47 914327.59
616531.32 914819.04
616977.57 913735.30
616918.18 912542.81
618054.60 911439.13
617692.47 910825.97
617185.28 907980.26
618190.39 907825.81
619258.71 906171.32
619892.07 906571.47
619812.25 904389.90
620876.67 904107.82
620117.40 903352.42
620350.34 902865.25
620099.14 902127.38
620270.51 900729.27
620882.08 900079.89
620758.42 899810.83
621984.73 897484.89
622756.81 896744.66
622639.45 896349.86
622040.33 896245.64
622473.80 895058.12
622579.97 893454.96
621622.50 891387.74
621869.27 890674.22
622286.18 890434.78
621176.46 889107.88
620465.17 889504.25
619458.81 891208.04
619720.80 891748.81
619579.13 892598.26
619879.93 892824.81
619734.50 893293.44
620562.79 893195.41
621068.31 893981.34
621212.34 895789.72
620799.83 897472.58
618724.37 900933.40
618218.43 902903.82
617053.70 905264.81
613046.06 911130.94
611060.55 913275.66
607395.90 915395.10
605005.07 917406.65
596748.27 922286.54
594000.06 925275.87
594128.85 926949.56
594914.23 928427.45
595631.38 929274.62
596995.46 929722.28
597940.84 930552.45
598855.38 933215.74
600013.90 934541.80
598599.26 937576.35
594971.02 941886.54
593392.43 945167.31
593971.94 945005.61
594467.16 944009.10
594673.33 944518.00
594882.84 944445.54
595084.12 945440.89
594484.02 945930.06
594711.78 946184.40
592568.43 947799.96
591584.58 949485.01
590740.04 950155.75
590173.67 952118.12
591282.21 953800.51
591568.20 953382.51
590483.59 952498.80
590832.87 952438.39
590367.24 952140.43
590452.15 951661.05
591676.54 952759.63
592097.76 951863.47
593345.75 952032.12
592369.11 951356.41
592987.84 950509.91
592456.79 950223.62
592501.32 949643.18
592045.69 949393.66
592943.49 949255.72
593112.78 948911.57
592743.28 948791.64
591848.05 949214.39
592921.77 948468.20
593952.59 949167.04
594113.31 948915.78
594651.40 949114.29
594797.60 949989.25
595660.35 949820.98
596510.02 950373.37
596538.73 951151.52
595641.19 951332.41
595183.09 951071.46
594513.39 952487.08
590658.32 956050.53
590579.51 955593.25
589424.85 955635.24
589775.50 955329.85
590621.95 955359.32
590527.12 954877.56
590874.34 954847.01
590533.34 953829.86
589935.23 953416.04
588235.63 954154.90
587578.40 953953.34
587405.81 954431.10
586632.46 954122.48
586136.97 954534.32
586113.21 955008.74
585214.18 955565.10
584254.66 955336.10
584134.73 954825.56
584420.63 954683.80
583954.40 953963.42
582862.08 955146.20
582110.29 957255.26
580101.06 957201.16
579462.75 957596.22
578015.62 957356.60
577617.77 956882.17
577145.28 958081.61
576479.20 958519.79
576267.44 959074.26
574811.79 959132.90
573820.87 959888.84
573652.80 960401.71
574018.76 960498.24
574090.13 960900.72
573380.03 962257.25
573772.75 962640.50
573785.28 963458.71
574093.77 963801.78
574531.82 963748.59
574265.83 964070.06
573092.42 963611.99
573340.74 964447.21
573111.56 964805.03
573626.60 964768.00
572504.36 965196.25
571806.69 966053.37
571100.67 966018.98
571024.77 965616.28
569589.86 966255.19
568979.64 965911.33
568810.10 966897.12
568019.18 967182.15
567848.96 966981.25
568220.08 966452.88
567852.11 966469.86
566992.59 965424.78
566557.10 966025.05
566246.79 965692.55
565626.36 966085.94
564195.61 964810.76
564029.88 964180.89
563290.78 964103.67
562375.84 963507.30
561769.06 963971.44
561777.52 964427.54
561173.26 964763.85
559912.66 964417.29
558822.28 964918.61
558395.48 964198.71
557091.98 964140.60
556664.13 963193.67
556747.56 961723.45
556978.18 961258.72
557636.72 961466.66
557757.73 961252.49
557538.61 961671.78
557825.78 961624.18
557654.64 961879.30
558082.95 962173.75
558036.62 961700.67
558307.85 961794.39
558729.33 960681.20
558568.14 959931.10
558932.35 960521.81
559635.67 960416.42
559835.91 959515.04
560328.47 959305.75
560424.52 958938.83
560073.53 958881.54
560447.34 958911.50
560563.29 959274.04
561300.16 958593.10
560969.89 958289.64
561304.88 958403.90
562239.63 957445.99
562415.09 956143.63
562011.33 954739.32
563024.01 953860.16
563089.32 952987.58
564234.63 952342.84
567104.03 949474.59
568301.49 949346.45
568301.78 948997.76
568546.98 949200.91
568868.83 948201.24
571262.45 948385.88
573161.60 947503.74
574105.24 947558.03
576431.55 944359.00
577163.08 944343.00
578067.56 943769.97
578123.38 944323.49
578686.81 944567.48
577944.30 939934.27
578829.80 938213.54
579541.67 937775.13
580260.39 936071.37
579311.15 935136.20
578855.44 934145.95
580122.37 932155.50
579257.23 930722.05
579165.34 928751.95
579495.36 927438.21
578044.25 926031.58
576993.84 926267.28
563437.63 932112.88
557445.47 933851.15
553618.12 934179.29
550566.27 933614.09
550072.54 933211.04
547508.86 933402.29
547237.01 934399.92
545207.44 935341.44
544812.52 936690.61
542970.51 939114.61
538498.25 942296.24
537264.84 943978.89
532839.11 948526.32
531997.51 949082.49
531413.54 948986.29
531165.91 949391.63
530672.41 949012.84
530093.18 949374.82
529349.98 950337.75
529145.30 953295.10
528663.52 953519.71
529096.57 953410.19
529227.38 953965.11
529740.02 954289.71
529519.73 955638.20
530556.58 955738.14
531432.57 956380.76
531274.61 959228.66
531749.76 959557.36
532184.49 960616.04
533031.94 960727.18
533969.41 961364.60
534613.25 961232.20
535717.98 961578.39
536220.72 960973.34
536775.45 960954.03
538079.14 961761.62
538614.01 963338.25
538579.57 965468.98
539749.24 965976.47
539483.04 966143.21
538783.99 969487.38
539978.84 970229.81
540494.26 969904.07
541271.39 970152.45
541014.21 970886.19
539734.26 970698.59
538880.98 972344.71
538234.43 972364.01
538939.94 972930.56
539647.36 974470.56
541047.11 975521.67
541839.64 975341.21
542045.77 975898.91
542990.77 976024.19
543389.82 976993.29
543804.88 976864.34
544291.49 978107.03
545411.33 977835.86
546150.69 978265.01
545178.92 979917.95
543533.18 980898.01
542188.46 981009.95
541977.74 981529.74
541941.06 983407.89
542325.95 983874.43
542740.00 983373.55
544578.42 982693.49
544854.09 983248.86
543376.35 984408.93
542826.84 985717.98
543535.42 985812.96
543042.88 986298.49
543164.22 986567.13
541543.17 986083.93
541690.73 987284.23
541176.76 988040.73
541015.97 989322.24
541718.51 990151.10
541135.39 990284.75
540646.42 991195.81
540369.92 996724.97
538975.71 1000008.69
539023.04 1000464.95
539317.37 1000552.75
540088.19 1000233.85
540352.58 999718.20
540739.78 999774.25
541202.35 1000078.38
540725.68 1000686.67
539854.28 1000774.72
537872.45 1002734.35
537969.55 1002433.39
537561.37 1002112.07
537726.12 1001791.28
537195.46 1001987.07
536218.97 1003866.93
535204.01 1004395.21
535281.44 1005218.75
534887.21 1005649.50
534181.59 1005701.86
534443.80 1006147.66
533495.59 1007520.75
532357.16 1008124.41
531207.31 1009592.83
530621.02 1009772.64
529890.29 1011167.09
527698.65 1012024.47
526225.80 1011448.83
526581.83 1012193.14
526480.19 1013477.15
524261.07 1016456.97
523580.56 1016943.05
523147.65 1016868.37
522507.75 1017689.59
521432.82 1017731.68
519987.10 1018750.91
519439.10 1018557.76
517696.03 1019771.35
517128.60 1019559.76
517452.54 1020519.07
516892.21 1021426.45
509153.75 1027370.51
509099.14 1027704.50
508304.78 1027978.37
507918.93 1028601.00
507401.49 1028594.38
504736.95 1030184.23
499969.46 1032375.14
496761.47 1033260.75
489702.61 1036411.56
487297.93 1036720.72
487173.49 1037041.04
487071.07 1036550.71
486498.62 1036535.31
486461.44 1036060.21
485719.34 1037931.05
485142.32 1037710.08
485162.33 1036895.23
484778.89 1036849.37
484230.18 1037393.71
484147.25 1036854.49
483827.07 1036803.31
483591.25 1037271.44
483970.52 1037355.99
483903.42 1037889.30
483069.32 1038740.89
481959.47 1039074.84
480680.30 1038773.65
480635.43 1039316.91
481033.18 1039683.32
481636.89 1039479.98
481927.05 1039730.45
482048.86 1040235.25
481707.10 1040717.49
482022.89 1040838.44
481313.76 1042133.05
481656.63 1042177.90
481818.30 1042698.94
480140.94 1044295.64
473157.76 1047090.74
472564.62 1048334.57
472354.52 1047800.22
471322.01 1047720.58
466836.79 1049034.32
462772.45 1049642.59
448026.56 1053631.61
446741.79 1053831.58
443059.50 1053065.84
441977.86 1052563.37
441171.28 1052597.34
440595.27 1053479.16
437979.48 1055646.66
433907.64 1058602.46
432187.55 1059500.16
431355.99 1060626.69
431899.19 1061210.78
431609.05 1062404.03
431480.83 1062216.79
429781.31 1063848.52
429539.01 1064456.06
429400.42 1064066.90
428600.34 1063985.24
427196.03 1065044.73
428068.64 1065812.72
427921.26 1067076.08
427268.21 1067400.30
425638.19 1067008.64
425307.34 1067310.47
425472.56 1067994.55
426263.18 1068159.99
426642.92 1069619.20
425996.29 1070691.95
425937.52 1072241.91
426677.50 1072694.19
426849.57 1073200.06
427518.51 1073351.62
427785.02 1074586.36
428464.90 1075102.38
428651.39 1075891.32
429185.77 1075936.84
430634.03 1076997.11
430804.94 1078157.62
431247.73 1078652.63
430962.60 1080291.28
429695.27 1081676.06
429867.08 1081884.68
430153.54 1081693.33
430153.90 1082086.12
429690.46 1082217.48
428665.79 1084280.05
425924.95 1087446.53
425752.87 1088126.93
424605.60 1089237.73
423091.27 1090110.07
423149.94 1090388.30
423755.43 1090341.36
423364.81 1090546.14
423737.75 1090733.04
422651.99 1091931.17
420834.39 1092984.25
419833.10 1094019.49
420009.05 1094797.19
420418.28 1094790.40
421868.96 1096714.49
421214.21 1097951.50
419350.08 1099267.67
419304.55 1099838.13
418789.43 1100242.51
418963.10 1102262.06
414269.36 1103587.27
411401.97 1103653.00
408723.79 1103016.02
406688.78 1103129.93
406718.03 1103375.95
409583.50 1103522.55
410691.03 1103963.89
414026.61 1103807.84
414397.57 1105188.97
415401.03 1105282.27
415847.73 1105130.73
415785.77 1104911.43
415888.35 1105120.67
414508.19 1105350.98
413905.61 1103879.13
412843.73 1103890.51
411615.88 1104433.37
409608.70 1104293.66
409333.64 1104643.98
408546.11 1104357.66
407311.65 1105320.33
406519.77 1105378.64
406068.61 1105887.39
405467.26 1105997.06
405346.91 1106349.83
405025.45 1106198.88
404107.25 1106758.72
403653.94 1106689.94
401827.95 1108204.19
401490.57 1108822.64
400415.86 1108911.31
400165.62 1109328.12
399061.50 1109790.01
399142.96 1110146.18
398285.56 1110112.20
397447.02 1111543.79
396297.57 1112446.25
396708.81 1112308.90
396341.01 1112609.17
396444.06 1112990.48
395492.59 1112403.89
395042.94 1112864.69
393932.35 1113012.52
394120.41 1113514.37
395117.18 1113472.62
394432.85 1115312.13
393432.53 1116059.07
390055.40 1117297.43
388619.02 1119675.01
387760.77 1120078.67
387615.86 1120454.34
386418.66 1120657.24
385371.21 1121513.99
384914.87 1121487.59
383967.53 1120660.04
381872.53 1121073.54
381719.21 1121705.34
382489.72 1121876.90
382765.51 1122422.56
382092.17 1123389.03
382330.34 1123626.84
383139.81 1123530.37
383079.29 1124425.46
383593.96 1123864.72
384043.71 1124396.86
385110.16 1123590.33
385751.81 1123687.70
385873.50 1124007.21
386101.65 1123556.72
387384.83 1123543.78
387142.50 1123917.33
387409.14 1124648.09
386947.09 1124603.88
386635.69 1124931.96
386522.48 1126062.26
386239.41 1126092.37
386415.04 1126698.32
386073.35 1127068.53
387391.79 1128131.10
387250.69 1127205.61
387620.51 1126548.20
389367.57 1125772.61
389951.83 1125113.45
390173.37 1124647.42
389996.92 1123662.16
392222.56 1122571.52
392625.87 1121558.42
393515.27 1121310.39
395998.87 1119054.43
397022.12 1118564.12
398185.94 1118584.02
399201.03 1117949.64
398699.78 1118666.84
398393.14 1118598.80
398735.59 1119134.36
398183.29 1119961.03
398568.60 1120041.67
398646.99 1120393.84
398103.29 1121379.88
398395.51 1122158.31
397898.41 1122397.97
397807.84 1122915.37
398222.70 1123515.42
399550.99 1123891.40
400094.82 1125157.82
400915.53 1125684.83
403033.27 1125928.98
404140.47 1126698.88
404195.63 1128020.72
402550.35 1129370.40
402592.58 1130061.32
403715.41 1131052.79
403939.63 1132149.79
404410.95 1132577.13
404625.57 1133298.66
404444.52 1134768.47
405152.12 1135715.71
405461.15 1136958.82
407269.23 1137784.31
407575.15 1138382.31
407627.39 1140894.63
408290.62 1142382.82
409367.49 1143155.88
410706.90 1142408.75
411832.20 1142448.48
411997.29 1141880.30
413035.13 1141596.32
414345.35 1138052.08
415581.67 1136825.89
415998.50 1136768.28
416074.29 1135697.10
416326.28 1135558.18
416113.39 1134879.74
417287.08 1134061.23
419925.13 1133562.03
420993.46 1134731.75
420832.44 1135516.22
423078.45 1134917.53
423572.38 1135387.09
423990.86 1136623.64
424928.94 1137267.25
425799.28 1137046.39
426202.75 1136676.23
426116.34 1135854.57
426557.20 1135423.52
426592.52 1134649.21
428001.40 1132729.49
428072.58 1131705.75
427392.35 1130810.47
427659.58 1129253.63
427209.61 1128602.84
427524.47 1127861.02
425092.15 1125325.99
425648.22 1125091.42
426746.26 1125247.46
427212.33 1124609.13
427270.67 1124106.26
426566.01 1123050.94
427095.28 1122677.82
427094.62 1122005.00
426191.68 1121291.49
426442.91 1119994.87
427230.48 1119262.77
427672.73 1118072.19
428669.19 1116821.03
429436.97 1114746.41
430786.15 1113679.36
431533.44 1111078.53
432256.08 1110608.81
433204.42 1110899.86
433945.81 1110668.90
434203.63 1109950.84
435025.17 1109688.63
437132.16 1108010.51
437920.89 1108179.44
437970.80 1109004.79
438261.12 1109021.83
438157.16 1107568.29
438989.24 1106284.97
439371.75 1104397.36
438590.07 1103754.89
438348.86 1104026.52
437665.84 1103757.92
437396.07 1104341.58
435916.41 1103428.38
435352.34 1103527.23
435081.25 1102732.54
434635.57 1102609.02
434549.24 1102837.76
434328.67 1102357.15
434044.64 1102547.62
433690.56 1102122.70
433454.65 1101240.36
432979.94 1100924.54
432560.15 1101059.57
432552.16 1100521.06
430630.79 1100287.83
430153.94 1099967.73
429874.35 1099220.06
428784.91 1099663.45
428387.53 1098638.07
427410.74 1098440.25
427852.66 1097978.25
427579.81 1097574.61
427059.40 1097517.41
427114.55 1097075.00
426778.14 1097256.96
427016.02 1096831.48
426384.12 1096389.71
426396.64 1096060.61
425381.93 1095309.34
425194.31 1095766.83
424603.17 1095485.30
424439.28 1095055.92
425007.90 1094100.16
424456.84 1093258.70
425093.81 1093416.24
425545.98 1092486.24
425320.05 1091967.16
425740.17 1092376.71
426429.45 1092414.73
429008.74 1091442.03
428974.78 1090908.59
430032.53 1091006.11
430992.18 1090564.68
432517.16 1090403.40
433866.76 1090541.54
434235.26 1090046.76
434560.57 1090078.05
434691.11 1089542.60
434199.08 1089126.70
434723.07 1088929.18
435106.24 1088226.20
436368.34 1088223.16
437002.67 1088750.45
438245.05 1088314.36
438172.86 1087968.31
438573.04 1087753.81
438522.72 1087272.81
437755.53 1086664.89
437319.45 1086944.92
436219.59 1086361.91
436074.54 1085588.58
436381.72 1084920.81
436053.09 1084355.12
437740.23 1084786.49
437735.22 1084258.83
438472.52 1082970.54
438243.52 1082844.48
438857.54 1082347.81
438772.57 1081914.93
439678.43 1081226.32
440605.61 1081642.62
440894.91 1081137.22
439758.30 1079830.42
439440.63 1078919.72
437919.83 1079112.81
437885.93 1077811.72
437148.79 1076847.29
436595.57 1077253.69
434972.15 1077413.04
435329.78 1075200.59
435982.46 1073838.00
435836.40 1071937.22
436056.92 1071443.15
435747.44 1070817.16
436335.35 1069517.22
436269.87 1068806.98
437191.70 1067555.92
437232.62 1066431.10
437943.38 1065491.78
438056.90 1064611.32
438381.66 1064326.62
439011.31 1064508.91
439491.92 1063670.76
439498.68 1061505.16
440124.67 1060041.55
440863.19 1060010.37
441885.02 1059266.96
441813.44 1058740.32
442124.32 1058895.46
444277.99 1058317.00
444788.66 1058558.57
445688.77 1058231.16
446220.23 1058494.02
446800.48 1058180.32
447104.47 1058978.86
448097.47 1058435.46
448451.24 1058897.58
449079.53 1058223.98
449820.87 1059563.52
450229.77 1059007.90
451513.88 1058837.68
451722.85 1058101.70
452332.12 1058142.08
451891.57 1057673.01
452273.51 1057638.62
452072.35 1057402.32
452737.84 1056724.05
452859.03 1057168.61
453392.13 1057028.42
453002.66 1057653.07
453596.70 1057348.08
453524.91 1058141.37
454177.68 1058107.22
454110.93 1058452.65
454689.31 1058720.49
454522.41 1059687.96
455895.16 1059626.05
455835.75 1060129.45
456253.90 1060360.77
456405.99 1061176.80
456999.45 1061548.86
456307.27 1063030.96
456761.38 1063868.10
456441.53 1064284.53
456294.79 1065416.33
456509.90 1065600.56
457454.19 1065795.78
457827.92 1065245.73
458449.41 1065294.88
458759.67 1065904.48
458798.19 1065498.33
459173.29 1065377.07
459534.14 1065665.52
459841.98 1065025.21
460250.90 1065032.92
460556.60 1065803.57
461565.20 1065913.78
462064.28 1064905.56
462564.01 1065225.43
462508.18 1065485.81
463032.60 1065395.96
463301.10 1066054.12
464365.77 1065560.31
465738.38 1066250.70
466078.82 1066119.04
466620.22 1066391.03
466678.63 1067034.87
467613.89 1066687.02
467578.65 1065255.92
468367.72 1065731.03
468829.56 1064797.89
470806.04 1064928.34
471542.05 1064508.29
472956.31 1064513.10
473800.84 1064009.63
475108.96 1064637.03
475573.68 1064523.69
476147.07 1063800.61
479040.15 1063429.05
480083.38 1064191.80
482369.21 1064358.33
483507.59 1064760.84
483734.28 1064055.33
484726.53 1063886.29
485670.60 1062478.46
485328.87 1061507.90
484418.99 1061559.23
484705.02 1060377.20
484303.14 1059333.70
485076.61 1058410.03
485833.40 1058186.67
486784.52 1056530.85
486962.22 1057084.64
487928.03 1057262.25
489115.48 1058081.40
490909.75 1057484.19
491767.00 1057810.98
492105.33 1058300.63
491644.75 1056876.39
492093.44 1056272.51
492118.55 1054259.51
492394.40 1053806.18
491883.96 1053036.95
491914.60 1052488.84
490731.05 1052021.86
490412.18 1051554.28
491364.26 1051899.10
491796.96 1050741.55
493476.47 1049900.84
495204.44 1047892.78
496370.87 1047228.56
497029.24 1046131.45
499866.32 1044891.46
499807.95 1044164.90
500212.16 1043614.87
501900.61 1043036.76
502203.88 1041724.44
502843.82 1041590.48
504204.15 1040449.38
503797.14 1039611.48
504211.03 1038944.57
505970.02 1038828.08
506307.00 1038122.70
506986.85 1037958.58
507374.51 1038365.33
507064.92 1039076.27
508295.61 1039810.29
509960.26 1039954.93
510758.48 1039411.95
511251.40 1037926.81
511929.61 1037485.33
512365.66 1036609.75
511911.97 1035777.28
512004.49 1035211.69
513420.27 1034990.57
514295.49 1034337.83
514227.47 1033662.24
514931.00 1033075.24
516315.80 1032730.53
517402.44 1033077.54
517521.12 1032435.08
516781.34 1032132.32
516975.90 1031646.29
516047.04 1031035.04
515836.15 1029482.91
515373.73 1029218.92
515522.34 1028695.79
515971.68 1028550.00
515734.69 1027911.09
515930.27 1027568.84
515614.13 1027280.71
516629.51 1024515.26
517342.23 1023513.63
518328.44 1023193.26
519862.87 1021963.41
520927.16 1020475.44
521753.45 1020455.04
524127.29 1019566.53
524541.75 1019680.42
524821.09 1019259.38
525105.61 1019488.57
525535.99 1019046.49
526713.21 1019201.49
527184.06 1019717.51
526868.48 1020840.69
526303.21 1021509.67
526653.72 1022142.93
527811.12 1022085.68
528992.70 1020398.27
528986.73 1019808.27
531772.65 1019557.10
531921.67 1020039.42
532362.85 1020059.12
532694.70 1019032.36
534565.50 1018225.96
536034.49 1016007.56
536244.05 1014935.32
535455.56 1014562.90
536047.35 1012386.63
537955.59 1011215.13
538835.75 1009718.55
541699.17 1008929.87
542484.31 1008985.29
543334.97 1008229.08
543386.44 1007776.69
545800.99 1006487.72
547301.00 1004721.36
548569.97 1004659.37
550353.33 1003872.36
551843.00 1004237.88
553457.28 1003471.15
554224.28 1003791.41
554151.53 1004107.19
554625.98 1004361.23
553767.88 1005104.51
553873.53 1005381.43
554457.72 1005492.52
555080.30 1006285.48
555998.18 1006520.63
556962.91 1007895.56
557239.79 1007803.19
557877.75 1008375.01
557826.33 1009113.81
556868.43 1009871.60
556812.16 1011080.17
557202.00 1011642.94
557095.83 1011969.25
557822.82 1011683.22
558127.55 1012016.42
558188.08 1012822.67
557352.61 1014131.17
557813.75 1015303.30
556958.30 1015831.36
556766.20 1016278.81
556974.98 1016730.15
556416.37 1017287.71
556054.82 1016483.26
554552.64 1017529.68
553484.82 1017339.37
553071.68 1018002.95
553367.80 1018579.61
553073.58 1018986.19
552438.63 1018174.70
552104.93 1018488.00
553258.59 1019992.10
554258.46 1024154.45
555923.93 1024750.09
557521.18 1027388.82
558443.23 1030129.88
559598.34 1031737.30
559934.93 1033180.43
562629.32 1035793.17
563345.25 1035782.65
564203.21 1034733.68
565301.75 1034212.61
565842.35 1033664.81
566057.04 1032495.34
567480.59 1033521.75
569567.87 1033486.60
570816.78 1034180.82
571235.77 1034007.64
571997.07 1034722.47
571964.13 1035798.93
573076.84 1036605.09
573332.89 1037606.78
573853.33 1037416.06
575087.93 1037652.74
575549.69 1037541.13
577888.85 1035416.15
578273.24 1034523.05
579193.42 1034570.23
581611.20 1033018.01
583305.85 1032761.11
583941.81 1031688.52
584698.86 1031384.17
585229.27 1030689.21
589142.49 1030945.35
590298.78 1031401.75
591341.05 1030567.96
591796.38 1029292.73
592593.28 1028783.01
592562.39 1028437.04
593940.99 1027622.78
593906.48 1027294.82
595097.71 1026456.35
595118.76 1025816.12
597061.28 1025670.29
597763.82 1024625.92
598567.71 1024356.44
599071.74 1023625.39
599795.16 1023342.61
600608.19 1023551.23
601817.26 1022920.57
601819.88 1021470.68
601118.69 1021133.64
601448.12 1019607.19
603649.75 1017402.66
603536.27 1016740.66
602533.73 1016233.96
602756.10 1014843.13
604861.20 1013017.47
606252.31 1013171.24
609096.64 1012545.15
610247.22 1012848.84
610825.51 1012407.93
610347.64 1011278.81
610717.15 1010315.02
610287.02 1009348.38
611302.46 1009064.06
611070.04 1008210.06
611968.98 1007806.93
612427.95 1005816.59
613126.43 1005992.17
614515.05 1005262.56
615294.83 1005359.08
616639.85 1003607.78
617503.52 1004044.38
617885.82 1003555.63
619350.11 1004488.02
620255.46 1004407.36
621711.32 1005176.72
622292.80 1005039.97
622345.12 1004164.78
622866.50 1003153.59
623173.76 1003085.23
623298.23 1002110.56
623679.57 1001743.65
624429.90 1001359.93
624901.49 1001741.36
625478.28 1001584.02
625877.50 1000437.97
627058.56 1000095.84
627024.50 999817.78
627525.67 999766.76
628013.70 999091.03
628631.35 999294.12
629309.47 999057.91
629368.13 998721.59
629912.16 998732.39
630424.31 997950.27
630289.12 997534.82
631557.95 996938.75
631354.19 996423.70
631984.67 995748.08
634787.24 995788.41
635158.36 995339.10
637374.54 994538.03
638399.87 993748.31
638937.91 992843.33
638334.60 991675.21
641139.42 989719.49
641627.23 986825.87
637621.34 985046.05
637780.19 984233.87
636297.72 982675.09
634156.29 981639.96
632102.65 981789.80
630968.07 981251.61
630572.37 980438.97
629414.09 979755.64
626555.32 979185.64
625965.93 979427.74
625775.64 979055.00
625160.51 979002.49
622802.69 976482.36
623125.41 975721.67
623603.17 975751.78
623450.27 975429.84
624244.98 974992.34
625160.74 975223.35
624793.14 973752.55
622306.20 972453.49
622073.04 971655.03
621586.27 971354.66
622104.66 970871.23
621893.68 970161.55
620005.87 970339.70
619486.22 969883.76
619536.47 969575.79
618940.96 969394.40
619403.32 968738.71
620058.26 968494.14
619305.67 967875.87
618831.57 967856.12
619263.06 966758.27
620048.95 966121.93
620555.31 966138.47
621370.30 963879.76
623182.61 961855.81
624548.50 961903.69
625170.24 960835.00
624976.70 959841.41
625603.49 959525.86
626072.59 958071.10
627185.56 957383.17
628077.87 956249.35
628227.72 955413.31
628769.44 955100.64
628885.87 954592.40
7
514667.59 963760.66
514516.61 962553.08
513818.67 962174.08
512178.12 962647.33
511720.78 963165.64
512856.94 963651.02
514651.09 963749.04
22
383812.30 1105123.39
384846.70 1104767.34
385764.49 1103867.12
384234.56 1103680.94
383180.23 1104020.16
382946.35 1103854.32
383298.32 1103675.65
382999.89 1103523.63
382754.94 1103902.06
382747.12 1103654.53
382314.48 1103805.60
382523.56 1103897.73
382066.56 1104247.10
382357.97 1104399.02
381972.24 1104542.42
381902.68 1104125.84
381572.86 1104132.23
381080.00 1104776.86
381967.74 1104711.46
382589.99 1105075.35
382558.74 1105378.21
383743.04 1105100.39
13
390229.98 1105356.44
391588.01 1105373.47
391661.96 1104876.82
393612.98 1104638.97
393995.23 1104194.40
394734.93 1104384.38
394840.65 1103750.26
392701.18 1103797.02
390830.97 1104489.63
390105.94 1105092.67
388890.27 1105163.75
389261.09 1105520.12
390181.05 1105348.29
6
385310.53 1106568.67
388347.09 1105700.90
387969.11 1105444.23
385928.57 1105899.04
384816.78 1106596.79
385269.08 1106599.33
14
402052.20 1100449.11
401541.53 1099824.57
402310.06 1098931.20
401833.12 1098401.22
400596.96 1098219.47
399303.95 1098704.81
399098.95 1099810.67
400671.16 1099681.72
401061.22 1100216.68
400992.90 1100597.21
400486.79 1100357.34
400239.01 1100637.84
401147.26 1100820.59
402049.40 1100458.92
24
377160.41 1117205.67
376960.30 1116651.92
377210.45 1116112.21
378489.56 1116313.83
379303.97 1116817.94
380117.05 1116443.30
379710.49 1115625.69
378506.16 1114973.88
375608.25 1114156.73
373128.69 1114119.79
371443.90 1114615.60
370367.52 1115290.50
369554.36 1117589.34
368729.99 1118608.74
369146.49 1119308.73
369896.02 1119215.01
370722.79 1119814.30
372637.04 1119910.10
373945.91 1119197.57
374407.52 1119386.82
378920.96 1117789.49
377634.55 1117135.93
377087.93 1117610.10
377160.47 1117269.51
