1
498
554547.96 1004348.15
554151.53 1004107.19
554224.28 1003791.41
553457.28 1003471.15
551843.00 1004237.88
550353.33 1003872.36
548569.97 1004659.37
547397.64 1004684.29
545800.99 1006487.72
543386.44 1007776.69
543334.97 1008229.08
542447.11 1009007.60
541699.17 1008929.87
538835.75 1009718.55
537955.59 1011215.13
535896.72 1012585.23
535455.56 1014562.90
536081.27 1014719.96
536315.47 1015306.98
535711.24 1016561.33
534565.50 1018225.96
532694.70 1019032.36
532362.85 1020059.12
531921.67 1020039.42
531772.65 1019557.10
528986.73 1019808.27
528992.70 1020398.27
527811.12 1022085.68
526653.72 1022142.93
526303.21 1021509.67
526868.48 1020840.69
527184.06 1019717.51
526713.21 1019201.49
525535.99 1019046.49
525105.61 1019488.57
524821.09 1019259.38
524541.75 1019680.42
524127.29 1019566.53
521753.45 1020455.04
520927.16 1020475.44
519862.87 1021963.41
518328.44 1023193.26
517342.23 1023513.63
516629.51 1024515.26
515614.13 1027280.71
515930.27 1027568.84
515734.69 1027911.09
515971.68 1028550.00
515522.34 1028695.79
515373.73 1029218.92
515836.15 1029482.91
516047.04 1031035.04
516975.90 1031646.29
516781.34 1032132.32
517521.12 1032435.08
517402.44 1033077.54
516315.80 1032730.53
514931.00 1033075.24
514227.47 1033662.24
514295.49 1034337.83
513420.27 1034990.57
512004.49 1035211.69
511911.97 1035777.28
512365.66 1036609.75
511929.61 1037485.33
511251.40 1037926.81
510758.48 1039411.95
509960.26 1039954.93
508295.61 1039810.29
507064.92 1039076.27
507374.51 1038365.33
506986.85 1037958.58
506307.00 1038122.70
505970.02 1038828.08
504211.03 1038944.57
503797.14 1039611.48
504204.15 1040449.38
502843.82 1041590.48
502203.88 1041724.44
501900.61 1043036.76
500212.16 1043614.87
499807.95 1044164.90
499866.32 1044891.46
497029.24 1046131.45
496370.87 1047228.56
495204.44 1047892.78
493476.47 1049900.84
491796.96 1050741.55
491364.26 1051899.10
490412.18 1051554.28
490731.05 1052021.86
491914.60 1052488.84
491883.96 1053036.95
492394.40 1053806.18
492118.55 1054259.51
492093.44 1056272.51
491644.75 1056876.39
492105.33 1058300.63
491767.00 1057810.98
490909.75 1057484.19
489115.48 1058081.40
487928.03 1057262.25
486962.22 1057084.64
486784.52 1056530.85
485833.40 1058186.67
485076.61 1058410.03
484303.14 1059333.70
484705.02 1060377.20
484418.99 1061559.23
485328.87 1061507.90
485670.60 1062478.46
484726.53 1063886.29
483734.28 1064055.33
483507.59 1064760.84
482369.21 1064358.33
480083.38 1064191.80
479040.15 1063429.05
476147.07 1063800.61
475573.68 1064523.69
475108.96 1064637.03
473800.84 1064009.63
472956.31 1064513.10
471542.05 1064508.29
470806.04 1064928.34
468829.56 1064797.89
468367.72 1065731.03
467578.65 1065255.92
467613.89 1066687.02
466678.63 1067034.87
466620.22 1066391.03
466078.82 1066119.04
465738.38 1066250.70
464365.77 1065560.31
463301.10 1066054.12
463032.60 1065395.96
462508.18 1065485.81
462564.01 1065225.43
462064.28 1064905.56
461565.20 1065913.78
460556.60 1065803.57
460484.23 1065133.43
459862.69 1065014.97
459534.14 1065665.52
459124.67 1065383.97
458724.88 1065900.98
458477.17 1065301.83
457858.96 1065238.86
457384.72 1065795.75
456294.79 1065416.33
456761.38 1063868.10
456339.91 1063352.10
456369.29 1062564.72
456999.45 1061548.86
456405.99 1061176.80
456253.90 1060360.77
455835.75 1060129.45
455895.16 1059626.05
454522.41 1059687.96
454689.31 1058720.49
454110.93 1058452.65
454177.68 1058107.22
453524.91 1058141.37
453596.70 1057348.08
453002.66 1057653.07
453353.98 1056962.42
452859.03 1057168.61
452703.15 1056734.49
452072.35 1057402.32
452273.51 1057638.62
451891.57 1057673.01
452332.12 1058142.08
451722.85 1058101.70
451513.88 1058837.68
450229.77 1059007.90
449780.48 1059570.10
449079.53 1058223.98
448451.24 1058897.58
448097.47 1058435.46
447104.47 1058978.86
446800.48 1058180.32
446220.23 1058494.02
445688.77 1058231.16
444788.66 1058558.57
444277.99 1058317.00
442124.32 1058895.46
441813.44 1058740.32
441885.02 1059266.96
440863.19 1060010.37
440314.80 1059892.27
439671.41 1060805.98
439535.70 1063563.48
439011.31 1064508.91
438381.66 1064326.62
438056.90 1064611.32
438141.59 1065011.83
437232.62 1066431.10
437191.70 1067555.92
436269.87 1068806.98
436335.35 1069517.22
435747.44 1070817.16
436056.92 1071443.15
435836.40 1071937.22
435995.89 1073727.50
435329.78 1075200.59
434972.15 1077413.04
436595.57 1077253.69
437148.79 1076847.29
437885.93 1077811.72
437919.83 1079112.81
439440.63 1078919.72
439758.30 1079830.42
440894.91 1081137.22
440605.61 1081642.62
439678.43 1081226.32
438772.57 1081914.93
438857.54 1082347.81
438243.52 1082844.48
438472.52 1082970.54
437735.22 1084258.83
437740.23 1084786.49
436053.09 1084355.12
436381.72 1084920.81
436074.54 1085588.58
436219.59 1086361.91
437319.45 1086944.92
437755.53 1086664.89
438607.94 1087434.06
438245.05 1088314.36
439162.46 1089137.73
439993.93 1089040.14
439842.88 1090591.96
441036.74 1090628.95
440373.42 1091744.21
440518.89 1092028.60
441486.60 1091757.81
441478.31 1092297.54
442066.35 1092217.78
442328.13 1092971.36
443099.81 1093222.88
443707.68 1093943.87
444367.17 1093447.52
445319.95 1095945.70
445777.43 1095531.02
447068.10 1095884.68
447900.32 1096485.42
448717.00 1096561.02
449264.02 1097400.25
449453.78 1097058.39
451733.95 1097373.78
452196.80 1097029.24
453499.04 1097533.26
453824.52 1096960.27
454657.20 1097349.73
454714.52 1097896.36
455429.45 1097708.94
456193.16 1098175.95
456791.72 1098082.96
456793.26 1098670.06
457329.40 1098713.81
457659.00 1098182.20
458080.77 1098389.67
458224.75 1097998.77
459096.33 1097576.35
459682.94 1098037.77
461731.53 1096523.00
462879.89 1096365.04
463305.18 1096644.39
464000.70 1096280.17
464154.21 1096536.62
464796.53 1096443.32
464947.61 1096942.13
465500.36 1096652.57
465983.29 1097270.77
467225.57 1097483.37
467833.82 1098065.48
468869.90 1097904.06
470482.22 1098383.58
472440.07 1097813.14
473022.89 1098542.58
474093.68 1098893.35
474646.31 1100048.48
475360.52 1099735.15
475826.30 1099983.68
476140.80 1101179.65
476666.36 1101660.88
477763.05 1101533.91
479158.89 1102796.44
479794.88 1102749.78
479982.49 1102266.47
480930.57 1102647.48
481486.15 1101960.49
482953.74 1102302.87
484033.18 1101573.54
485387.06 1102153.37
487560.04 1101279.96
488055.25 1101564.00
488245.19 1101360.17
488330.50 1101698.57
489695.17 1101635.12
490882.79 1102490.22
492437.25 1102075.95
493375.60 1102482.24
493672.79 1102329.54
493702.20 1102725.99
494268.01 1102815.75
494057.33 1103167.94
494712.01 1103125.46
495527.50 1104037.58
495280.34 1104325.08
497201.89 1104830.13
497469.09 1107284.45
497814.66 1107841.09
498617.91 1108123.77
498794.37 1108614.32
498888.62 1109829.91
498444.70 1110970.15
496896.59 1112383.73
496898.83 1114914.50
498289.87 1114533.56
499800.84 1115925.68
500637.81 1116292.78
501179.43 1116163.15
501709.89 1116928.86
502177.88 1117084.30
502140.02 1119434.21
502497.30 1120412.50
502251.92 1122286.74
502846.22 1124209.01
507726.89 1126763.18
506959.51 1125597.32
505811.71 1122035.77
506787.14 1119511.68
506825.84 1117936.53
507398.01 1116644.30
507489.19 1114997.75
511514.37 1112453.41
512983.39 1110673.99
513682.45 1109558.10
513486.49 1108007.61
514571.55 1106202.32
514378.90 1105154.64
514672.36 1104252.98
515441.06 1103447.96
515437.22 1102676.89
511058.85 1102269.50
508622.36 1100419.19
507516.74 1100409.56
506707.19 1101128.89
505707.34 1100571.89
505227.11 1100631.10
504764.42 1100166.52
504001.65 1100249.42
503369.12 1099513.43
499082.23 1099084.82
499435.39 1097394.04
498254.70 1095732.69
498060.37 1095210.19
498273.04 1094586.30
497110.55 1093981.76
495412.44 1094275.81
496039.49 1093421.06
495914.17 1093205.51
496511.57 1092875.82
497776.14 1092942.28
500137.88 1092052.66
500089.44 1091158.95
498157.80 1089619.18
497959.27 1088927.98
498186.23 1088522.27
497202.14 1087951.44
496690.34 1086256.30
495431.96 1085751.49
494934.49 1085119.36
492833.18 1084600.54
491743.86 1083831.33
490780.14 1082165.12
490734.22 1080944.53
490287.92 1080266.40
492165.61 1079621.95
495489.29 1080061.34
496525.30 1079669.51
497266.57 1080349.76
497863.85 1080341.69
499764.63 1081284.94
500089.15 1081999.12
500900.05 1081825.00
501352.45 1080465.62
502033.25 1080268.20
501915.11 1079210.08
502410.33 1078945.62
502469.61 1078484.92
502289.35 1077561.33
503716.89 1077126.57
504450.37 1077305.07
504906.75 1076809.08
505090.04 1077067.85
505396.17 1076943.02
505783.61 1073658.37
505566.57 1073275.14
506300.20 1072420.32
508123.66 1072032.43
508629.61 1071324.75
508657.55 1070674.85
510856.88 1071349.75
512251.60 1069368.76
512949.72 1069086.65
513845.29 1069499.01
515577.07 1069524.52
516461.15 1068589.99
516463.96 1067665.50
516902.68 1066929.42
516837.44 1065202.46
516392.51 1064312.43
518092.56 1064011.68
518434.22 1063436.37
519095.94 1063601.74
521803.33 1062827.11
521923.26 1063071.43
522997.27 1062795.30
523432.92 1062237.52
525758.04 1061943.21
526568.50 1060618.27
525917.18 1059702.82
526621.67 1058732.47
526573.03 1057908.69
527107.79 1057089.35
529889.71 1057045.47
530890.19 1056132.54
531973.50 1056912.60
532816.12 1056305.83
534731.06 1056114.82
536100.36 1057052.73
536988.69 1058704.90
538046.55 1059724.44
539916.15 1059495.59
540661.81 1058796.72
540634.76 1058095.83
541846.11 1056846.56
542689.52 1056735.20
543209.37 1056223.93
544327.44 1056266.62
544647.16 1055448.84
547042.08 1054305.35
548707.73 1053849.41
549404.63 1054035.40
551084.86 1051590.30
553324.46 1050758.02
553920.15 1050064.93
554795.37 1049876.25
555246.72 1049175.27
556053.50 1048815.68
556692.20 1047492.03
557283.46 1044961.23
556887.00 1042537.98
557921.65 1041597.52
559493.82 1037572.68
560416.95 1036922.42
561491.40 1036901.76
561668.36 1036286.04
562449.68 1036368.20
562683.56 1035820.36
559934.93 1033180.43
559598.34 1031737.30
558443.23 1030129.88
557521.18 1027388.82
555923.93 1024750.09
554258.46 1024154.45
553258.59 1019992.10
552113.38 1018524.74
552438.63 1018174.70
553073.58 1018986.19
553367.80 1018579.61
553071.68 1018002.95
553484.82 1017339.37
554552.64 1017529.68
556054.82 1016483.26
556416.37 1017287.71
556974.98 1016730.15
556766.20 1016278.81
556958.30 1015831.36
557841.29 1015227.94
557352.61 1014131.17
558188.08 1012822.67
558127.55 1012016.42
557822.82 1011683.22
557095.83 1011969.25
557202.00 1011642.94
556812.16 1011080.17
556868.43 1009871.60
557826.33 1009113.81
557905.23 1008461.05
557239.79 1007803.19
556962.91 1007895.56
555998.18 1006520.63
555080.30 1006285.48
554457.72 1005492.52
553814.13 1005314.49
554601.84 1004346.34
